7.276534828328358628e+01
7.943352837132445998e+00
2.685074859350726229e+01
1.039975815742627141e+01
6.732145665200921059e+00
4.084993664574626848e+01
1.921783263455436952e+01
1.869882582919807490e+01
1.523881681363559970e+01
6.345315743502538908e+00
1.825643048219609099e+01
7.902664717197513511e+00
7.926257539788416295e+00
4.083461520520259569e+00
4.194268322812117589e+01
4.498009791920480893e+01
1.423649460055111682e+01
2.881341849917897946e+01
2.470011281263237990e+00
1.109106558155271216e+01
1.937577767100915338e+00
1.142470203309785681e+01
1.401308980699790574e+01
1.688356037074956717e+01
4.002274438011346192e+00
2.140712944270534379e+01
9.098649584069915974e+00
2.368438713376336935e+01
2.306025194179860094e+01
5.923803922002463196e+01
2.223366532803458284e+01
1.810345106637884172e+01
7.384374173261605279e+00
4.332695161313156973e+01
5.432091860275609640e+00
9.131412223400445782e+00
2.736439533135547109e+01
1.000776438050563577e+01
4.725158376017295581e+01
2.977550728459562634e+01
8.360247525724684436e+00
8.771300917147156539e+00
4.986256651560228903e+00
3.217635214218434214e+01
1.285170191516939475e+01
2.579164169329397538e+01
5.343537744367060860e+00
2.711210706425539385e+01
1.927968573534531771e+01
5.153816654377931350e+00
6.030353554473705913e+00
2.825432612779437136e+01
1.191352582559242279e+01
3.150406819030165284e+00
2.121744163573613662e+01
1.254321743452577209e+01
1.143924526488834914e+01
1.930921386111830174e+00
1.941344861375709385e+01
1.349466573669565150e+01
4.951404315286976043e+01
3.551204526466001710e+00
3.844225197428020380e+01
1.364386830079680735e+01
2.671580386281032915e+01
1.258411884800179692e+01
1.257351074266537694e+01
1.593539959139900830e+01
8.800623476198550676e+00
7.557450677538468220e+00
2.404821100428848979e+01
3.711451481849081802e+00
1.411240293049921668e+01
4.860194334677046157e+01
1.073069847524112141e+01
9.371781270820351395e+00
1.687921969849220005e+01
1.999155694461483179e+01
1.211918669534845350e+01
1.105815147016384614e+01
9.900825413655701013e+00
8.147688169406004377e+00
2.247937334152003785e+01
8.184622257754504915e+00
2.238647069279487667e+01
1.792943972403164921e+01
1.223285231093487724e+01
6.528909894947395820e+00
1.778467086235674444e+01
2.812020377281723071e+01
8.114232430179553646e+00
2.098567313885467556e+01
1.400542811785237163e+01
5.487609909559670207e+00
9.992441785835222845e+01
1.325343393704577011e+01
1.640343239494715277e+01
1.312520770547336824e+01
6.244123682784032070e+00
1.693133309612993997e+01
