0.000000000000000000e+00 6.990808626278250415e+01 0.000000000000000000e+00
1.000000000000000000e+00 1.252382532063255205e+01 2.000000000000000000e+00
2.000000000000000000e+00 3.149438320263328350e+01 2.000000000000000000e+00
3.000000000000000000e+00 1.335103735457602347e+01 0.000000000000000000e+00
4.000000000000000000e+00 9.201157408027395235e+00 3.000000000000000000e+00
5.000000000000000000e+00 3.692231438544928324e+01 3.000000000000000000e+00
6.000000000000000000e+00 1.502892850000707625e+01 0.000000000000000000e+00
7.000000000000000000e+00 1.746919574229083238e+01 0.000000000000000000e+00
8.000000000000000000e+00 1.599601046485296507e+01 0.000000000000000000e+00
9.000000000000000000e+00 5.742250908489657135e+00 2.000000000000000000e+00
1.000000000000000000e+01 2.179608303938811531e+01 1.000000000000000000e+00
1.100000000000000000e+01 8.265067003415884628e+00 0.000000000000000000e+00
1.200000000000000000e+01 1.498644792188726349e+01 3.000000000000000000e+00
1.300000000000000000e+01 3.575072608250344786e+00 3.000000000000000000e+00
1.400000000000000000e+01 3.817529043675594380e+01 1.000000000000000000e+00
1.500000000000000000e+01 3.809195684725452935e+01 3.000000000000000000e+00
1.600000000000000000e+01 1.274026298845421046e+01 0.000000000000000000e+00
1.700000000000000000e+01 2.718394064189108050e+01 1.000000000000000000e+00
1.800000000000000000e+01 4.343923983843131609e+00 2.000000000000000000e+00
1.900000000000000000e+01 1.652329665377832413e+01 3.000000000000000000e+00
2.000000000000000000e+01 5.130790886892405034e+00 0.000000000000000000e+00
2.100000000000000000e+01 1.496461594566414810e+01 1.000000000000000000e+00
2.200000000000000000e+01 1.860115982030349358e+01 2.000000000000000000e+00
2.300000000000000000e+01 2.169234651381397683e+01 1.000000000000000000e+00
2.400000000000000000e+01 7.970168432706471684e+00 2.000000000000000000e+00
2.500000000000000000e+01 1.792649747267238070e+01 3.000000000000000000e+00
2.600000000000000000e+01 1.104293162758660962e+01 1.000000000000000000e+00
2.700000000000000000e+01 2.111886715279992188e+01 1.000000000000000000e+00
2.800000000000000000e+01 1.720035425784578109e+01 3.000000000000000000e+00
2.900000000000000000e+01 6.716017550145207338e+01 2.000000000000000000e+00
3.000000000000000000e+01 2.427463836006469933e+01 0.000000000000000000e+00
3.100000000000000000e+01 1.967963843012840641e+01 0.000000000000000000e+00
3.200000000000000000e+01 1.342140503946384555e+01 3.000000000000000000e+00
3.300000000000000000e+01 3.596612325753280004e+01 3.000000000000000000e+00
3.400000000000000000e+01 9.452300105121633322e+00 1.000000000000000000e+00
3.500000000000000000e+01 1.045084766672948007e+01 1.000000000000000000e+00
3.600000000000000000e+01 3.316309798622432226e+01 2.000000000000000000e+00
3.700000000000000000e+01 7.093206726575880694e+00 0.000000000000000000e+00
3.800000000000000000e+01 4.615183118051633215e+01 0.000000000000000000e+00
3.900000000000000000e+01 2.779658515731073720e+01 0.000000000000000000e+00
4.000000000000000000e+01 7.715389538404807013e+00 0.000000000000000000e+00
4.100000000000000000e+01 5.298457424702758267e+00 2.000000000000000000e+00
4.200000000000000000e+01 5.432160400111211374e+00 1.000000000000000000e+00
4.300000000000000000e+01 3.773088985234453219e+01 2.000000000000000000e+00
4.400000000000000000e+01 8.187103110069658740e+00 0.000000000000000000e+00
4.500000000000000000e+01 2.356534766720861995e+01 0.000000000000000000e+00
4.600000000000000000e+01 4.226042604113716017e+00 0.000000000000000000e+00
4.700000000000000000e+01 3.352155164989650160e+01 2.000000000000000000e+00
4.800000000000000000e+01 2.195574567921993392e+01 0.000000000000000000e+00
4.900000000000000000e+01 1.226376871192181639e+01 3.000000000000000000e+00
5.000000000000000000e+01 9.918354835289077798e+00 1.000000000000000000e+00
5.100000000000000000e+01 2.389263027923097837e+01 3.000000000000000000e+00
5.200000000000000000e+01 9.244066418664029783e+00 3.000000000000000000e+00
5.300000000000000000e+01 2.179459845558733289e+00 0.000000000000000000e+00
5.400000000000000000e+01 1.455752815011459411e+01 3.000000000000000000e+00
5.500000000000000000e+01 1.250148020022325568e+01 2.000000000000000000e+00
5.600000000000000000e+01 1.466935918125612659e+01 1.000000000000000000e+00
5.700000000000000000e+01 8.651219903887188423e+00 3.000000000000000000e+00
5.800000000000000000e+01 2.161089456137528231e+01 1.000000000000000000e+00
5.900000000000000000e+01 1.337472073331952416e+01 0.000000000000000000e+00
6.000000000000000000e+01 4.813145468978855490e+01 0.000000000000000000e+00
6.100000000000000000e+01 5.106510672290912822e+00 0.000000000000000000e+00
6.200000000000000000e+01 4.323997030569366729e+01 2.000000000000000000e+00
6.300000000000000000e+01 1.685770983748926355e+01 1.000000000000000000e+00
6.400000000000000000e+01 1.930628093110577126e+01 3.000000000000000000e+00
6.500000000000000000e+01 1.309840362013154547e+01 1.000000000000000000e+00
6.600000000000000000e+01 1.341182817753101730e+01 1.000000000000000000e+00
6.700000000000000000e+01 1.529764138143067420e+01 0.000000000000000000e+00
6.800000000000000000e+01 1.171938211423908349e+01 1.000000000000000000e+00
6.900000000000000000e+01 1.067887899466109403e+01 1.000000000000000000e+00
7.000000000000000000e+01 2.297562202840456536e+01 1.000000000000000000e+00
7.100000000000000000e+01 5.077873430890154083e+00 1.000000000000000000e+00
7.200000000000000000e+01 2.087347520744614826e+01 3.000000000000000000e+00
7.300000000000000000e+01 5.481114154048344744e+01 2.000000000000000000e+00
7.400000000000000000e+01 9.317280630596894042e+00 0.000000000000000000e+00
7.500000000000000000e+01 1.162592212669365210e+01 0.000000000000000000e+00
7.600000000000000000e+01 1.423161360307962475e+01 1.000000000000000000e+00
7.700000000000000000e+01 2.210452469019069355e+01 0.000000000000000000e+00
7.800000000000000000e+01 1.796773834190739905e+01 3.000000000000000000e+00
7.900000000000000000e+01 1.384802033996566273e+01 0.000000000000000000e+00
8.000000000000000000e+01 1.254622437428771953e+01 1.000000000000000000e+00
8.100000000000000000e+01 1.473760044832447846e+01 2.000000000000000000e+00
8.200000000000000000e+01 2.192969942752165835e+01 0.000000000000000000e+00
8.300000000000000000e+01 1.204429695793273325e+01 2.000000000000000000e+00
8.400000000000000000e+01 2.537932747635609942e+01 0.000000000000000000e+00
8.500000000000000000e+01 2.109891561457305897e+01 0.000000000000000000e+00
8.600000000000000000e+01 1.421369839823904258e+01 0.000000000000000000e+00
8.700000000000000000e+01 6.930886971955453113e+00 3.000000000000000000e+00
8.800000000000000000e+01 1.574861587575262512e+01 0.000000000000000000e+00
8.900000000000000000e+01 3.228715771208506879e+01 0.000000000000000000e+00
9.000000000000000000e+01 1.549280924066325404e+01 3.000000000000000000e+00
9.100000000000000000e+01 2.026170716033278651e+01 1.000000000000000000e+00
9.200000000000000000e+01 8.089901084928563080e+00 2.000000000000000000e+00
9.300000000000000000e+01 7.204241539408862138e+00 0.000000000000000000e+00
9.400000000000000000e+01 1.071978698899261104e+02 2.000000000000000000e+00
9.500000000000000000e+01 1.748453545326367120e+01 1.000000000000000000e+00
9.600000000000000000e+01 1.769649755721721718e+01 1.000000000000000000e+00
9.700000000000000000e+01 1.949157106391623273e+01 2.000000000000000000e+00
9.800000000000000000e+01 7.729861527668177246e+00 0.000000000000000000e+00
9.900000000000000000e+01 1.855391167959617249e+01 1.000000000000000000e+00
