1.500000000000000000e+01
3.933250000000000313e+01
2.113977777777777760e+02
9.515494444444444753e+02
2.816166666666666529e+01
2.210322222222222308e+02
3.637611111111111200e+02
5.069652777777777715e+02
6.562261111111110949e+02
1.397366111111111195e+03
2.418972222222222257e+01
6.746999999999999886e+01
1.286083333333333378e+01
6.396527777777777857e+01
2.317236111111110972e+02
2.776166666666666671e+01
5.686999999999999744e+01
1.482822222222222308e+02
2.715861111111111086e+02
4.340733333333333235e+02
9.683458333333333030e+02
9.780133333333333212e+02
2.389416666666666700e+01
1.905866666666666731e+02
7.431666666666666643e+00
9.414249999999999829e+01
3.107530555555555338e+02
5.561316666666666606e+02
