3.194173212227828795e+00
3.381504748316419118e+00
3.579845533089801357e+00
0.000000000000000000e+00
3.744597942870280249e+00
3.927246537199631682e+00
2.993529849998791015e+00
2.355177543113216032e+00
1.825194245314292418e+00
2.874863231073002456e+00
2.695842657994464986e+00
3.081359359521428143e+00
3.139226373192720576e+00
4.038021093835812536e+00
7.414610408384960660e-01
2.867557934830482935e+00
2.978026446435058983e+00
3.358463839075254143e+00
9.357011253939783169e-01
0.000000000000000000e+00
3.734330717017853463e+00
4.656765934631741821e+00
4.384573388940457228e+00
4.559900816540555901e+00
3.715813455354017414e+00
4.205572828907810035e+00
3.965658554594055474e+00
2.397895272798370669e+00
1.957415140669636955e+00
3.017836172460917066e+00
1.317747818584780628e+00
3.050788479302069423e+00
1.556880661695424273e+00
4.855078157817008244e-01
3.704580544340020598e+00
4.090637700290773893e+00
4.414856779264583864e+00
4.080262541012788624e+00
5.543470688810052394e-02
3.944528916984405331e+00
3.728052089188408136e+00
3.510350695558678069e+00
3.555833657854126972e+00
3.372969360205600786e+00
3.129126156724522101e+00
3.285112902641353472e+00
1.504965890837389075e+00
5.044050559630680608e-01
7.232066157962607766e-02
2.572917527110713642e+00
2.532187739368993995e+00
2.757665421644405424e+00
2.087037618301463837e+00
2.515355023880694763e+00
3.102072309325317523e+00
3.436564525499446798e+00
3.698260315919688512e+00
1.597972434324822055e+00
2.076186248959163372e+00
2.337469494847547402e+00
1.448799566471287825e+00
3.401430687777500239e+00
3.311491468577662189e+00
3.729685448506189882e+00
2.906245107052454646e+00
