1.535145307852245233e+00
1.291622526654622946e-02
2.901696281627396790e+00
4.579872890613929215e+00
4.030907656305830145e+00
3.672597621539653634e+00
3.837019247562793556e+00
4.175678743277072336e+00
2.272847274730089406e+00
2.284421122366374401e+00
2.115773470927226008e+00
7.533011033796924716e-01
0.000000000000000000e+00
3.737074202963604375e+00
3.212696773791485327e+00
2.964705894948868270e+00
3.328196488777665163e+00
3.838268816839484288e+00
4.426079404614262636e+00
9.070481505072226502e-01
3.119409018247588872e+00
3.149654355826247532e+00
2.619947319547237363e+00
2.734757043930774234e+00
1.692307390256394983e+00
3.586735980445232563e+00
1.790425246214918387e+00
3.325503537292954892e+00
3.007907849484124707e+00
3.394004911080650722e+00
3.191175694225921955e+00
3.105707126762562886e+00
3.362802993674843588e+00
2.648866207748762136e+00
2.001480000210124288e+00
0.000000000000000000e+00
2.246226359324661193e+00
2.339302675929208597e+00
1.441255919193864976e+00
9.114791748769329738e-01
1.612433421413898893e+00
7.742662318447373071e-01
1.006496999760303934e+00
3.149866705937101607e-02
0.000000000000000000e+00
3.705638237928891243e+00
3.560364031878509028e+00
3.274196996456162356e+00
2.549054469611752083e+00
1.802534542396013517e+00
2.530517161040052532e+00
3.823497755838697554e+00
3.434406471419190421e+00
3.086486636822455054e+00
2.527247490277525266e+00
2.431330048884607908e+00
2.782353392294693251e+00
3.542291769271092683e+00
2.144526788335770373e+00
4.206020096112689899e+00
4.269949166268436791e+00
3.967606674780180809e-01
2.974202155003627723e+00
2.862772146297760667e+00
3.484864283234725857e+00
3.359923896346379113e+00
3.834515414961138902e+00
3.674146454511871607e+00
2.491054380374234434e+00
2.774649098206700248e+00
2.216482393940633955e+00
5.370779949100563666e-01
3.669492740313746282e+00
3.977586001611904898e+00
1.959249356351430160e+00
2.389771454672961593e+00
2.540577847158461022e+00
2.078268472023165336e-01
0.000000000000000000e+00
2.265402301866329626e+00
8.398415597107486974e-01
1.950613357325881259e+00
1.432939368942934388e+00
