1.492333333333333378e+01
6.922194444444444628e+01
4.480163888888889119e+02
1.119191944444444516e+03
9.522500000000000853e+00
3.959583333333333144e+01
1.500000000000000000e+01
3.933250000000000313e+01
2.113977777777777760e+02
9.515494444444444753e+02
2.816166666666666529e+01
2.210322222222222308e+02
3.637611111111111200e+02
5.069652777777777715e+02
6.562261111111110949e+02
1.397366111111111195e+03
2.418972222222222257e+01
6.746999999999999886e+01
3.303166666666666629e+01
1.299491666666666561e+02
2.979586111111111109e+02
4.652502777777777965e+02
1.558111111111111136e+01
1.556941666666666606e+02
5.398319444444443889e+02
1.047591944444444380e+03
2.593888888888888999e+01
3.145380555555555588e+02
7.705277777777778283e+02
3.118527777777777743e+01
5.521305555555555600e+01
2.008213888888888903e+02
5.360380555555555020e+02
3.729309166666666442e+03
1.286083333333333378e+01
6.396527777777777857e+01
2.317236111111110972e+02
9.029166666666666785e+00
2.553861111111111271e+01
5.248527777777777459e+01
9.876500000000000057e+01
1.460188888888888812e+02
2.427808333333333337e+02
2.899736111111110972e+02
4.576175000000000068e+02
2.776166666666666671e+01
5.686999999999999744e+01
1.482822222222222308e+02
2.715861111111111086e+02
4.340733333333333235e+02
9.683458333333333030e+02
9.780133333333333212e+02
2.389416666666666700e+01
1.905866666666666731e+02
1.344250000000000078e+01
3.773777777777777942e+01
8.541249999999999432e+01
1.812836111111110995e+02
3.577777777777777946e+00
2.548055555555555429e+01
4.934111111111111114e+01
2.711716666666666811e+02
7.431666666666666643e+00
9.414249999999999829e+01
3.107530555555555338e+02
5.561316666666666606e+02
4.275666666666666771e+01
1.876569444444444343e+02
5.704969444444444662e+02
9.033683333333333394e+02
