3.194173212227828795e+00
3.381504748316419118e+00
3.579845533089801357e+00
0.000000000000000000e+00
3.744597942870280249e+00
3.927246537199631682e+00
3.150811093954071218e+00
3.195566255432576774e+00
2.422499189659383045e+00
0.000000000000000000e+00
2.874863231073002456e+00
2.695842657994464986e+00
3.081359359521428143e+00
3.139226373192720576e+00
4.038021093835812536e+00
7.414610408384960660e-01
2.867557934830482935e+00
2.978026446435058983e+00
3.358463839075254143e+00
9.357011253939783169e-01
0.000000000000000000e+00
3.822076415822673656e+00
3.756725001009003417e+00
3.713791554810152995e+00
3.440321936346205423e+00
1.582683175125280783e+00
3.199072197465178125e-01
2.912350664614939966e+00
3.350605595546095383e+00
3.734330717017853463e+00
4.656765934631741821e+00
4.384573388940457228e+00
4.559900816540555901e+00
3.715813455354017414e+00
4.205572828907810035e+00
3.965658554594055474e+00
2.397895272798370669e+00
3.367709537501165862e+00
3.844664511903327142e+00
4.159554732752711814e+00
4.856201240789191687e+00
4.760129110526148288e+00
2.230766805203573622e+00
2.846768120414032932e+00
3.570715095763294489e+00
3.709319133351392406e+00
4.589731622298899971e+00
3.951878132682853373e+00
3.050788479302069423e+00
1.556880661695424273e+00
4.855078157817008244e-01
3.704580544340020598e+00
4.090637700290773893e+00
4.414856779264583864e+00
4.080262541012788624e+00
5.543470688810052394e-02
2.355272415273052200e+00
3.668166412516394637e+00
3.573047638588814578e+00
3.457955715480764081e+00
3.792653712330390725e+00
4.258332412327550109e+00
3.510350695558678069e+00
3.555833657854126972e+00
3.372969360205600786e+00
3.129126156724522101e+00
3.285112902641353472e+00
1.504965890837389075e+00
5.044050559630680608e-01
7.232066157962607766e-02
2.315896107053717845e+00
3.089359219332615147e+00
4.013658592144103032e+00
4.142134226057948787e+00
3.920387921759773686e+00
4.775166093091408825e+00
3.875836085666372277e+00
3.732537423453399228e+00
4.025601659490356532e+00
4.362117251679515029e+00
4.561343682447537518e+00
4.230913005004119931e+00
3.379088096074054359e+00
3.448017352306046224e+00
2.515355023880694763e+00
3.102072309325317523e+00
3.436564525499446798e+00
3.698260315919688512e+00
1.597972434324822055e+00
2.076186248959163372e+00
2.337469494847547402e+00
1.448799566471287825e+00
4.429005635867875768e+00
4.606479328686719832e+00
5.130714949760102783e+00
4.838240305496901428e+00
3.401430687777500239e+00
3.311491468577662189e+00
3.729685448506189882e+00
2.906245107052454646e+00
