1.714027777777777928e+01
3.325755555555555816e+02
1.683730555555555668e+02
3.354619444444444412e+02
6.405905555555555111e+02
1.557111111111111157e+01
3.842138888888889170e+01
2.360480555555555497e+02
2.145972222222222214e+01
3.335724999999999909e+02
2.936388888888888715e+01
2.972280555555555566e+02
4.603138888888888687e+02
3.042666666666666586e+01
1.776952777777777897e+02
2.500391666666666595e+02
1.736999999999999744e+01
1.429261111111111120e+02
4.070802777777777806e+02
1.345188055555555593e+03
2.087472222222222129e+01
1.107916666666666714e+02
2.546158333333333417e+02
3.988824999999999932e+02
5.914680555555555657e+02
3.950111111111110773e+01
8.778194444444444855e+01
2.296030555555555566e+02
3.758922222222222445e+02
3.348611111111111427e+01
5.808083333333333087e+01
1.786077777777777840e+02
4.352555555555555600e+01
3.796197222222222081e+02
5.472808333333333621e+02
1.247044166666666570e+03
1.461583333333333279e+01
3.073047222222222103e+02
4.611138888888888943e+01
2.381074999999999875e+02
8.055555555555555358e+00
5.488722222222222058e+01
3.120288888888889005e+02
6.239497222222222490e+02
9.606541666666666970e+02
1.242194444444444557e+01
4.989333333333333087e+01
1.230955555555555492e+02
2.471608333333333292e+02
2.831388888888888999e+01
1.275386111111111092e+02
4.527638888888888857e+01
1.961672222222222217e+02
3.395049999999999955e+02
5.249272222222222126e+02
9.653333333333332433e+00
2.979577777777777783e+02
1.625999999999999801e+01
4.493138888888888971e+01
2.081802777777777749e+02
2.569919444444444707e+02
9.285005555555555929e+02
1.965249999999999986e+01
1.862469444444444377e+02
1.411944444444444358e+01
1.170416666666666714e+02
1.657169444444444366e+02
6.214025000000000318e+02
2.742166666666666686e+01
1.290102777777777874e+02
3.199297222222222103e+02
1.192472222222222200e+01
7.877222222222222570e+01
1.735741666666666561e+02
1.376138888888888800e+01
8.798027777777777203e+01
2.551191666666666720e+02
4.235011111111111290e+02
5.956427777777777237e+02
3.192555555555555458e+01
1.714002777777777737e+02
3.473111111111111171e+01
1.972366666666666788e+02
