2.646750000000000114e+01
9.794305555555555998e+01
4.787444444444444969e+01
1.216316666666666606e+02
1.721880555555555645e+02
2.856477777777777760e+02
2.646416666666666728e+01
1.943133333333333326e+02
5.134577777777777783e+02
7.634663888888889005e+02
2.339333333333333442e+01
2.392030555555555509e+02
1.333416666666666650e+01
1.273522222222222240e+02
1.557111111111111157e+01
3.842138888888889170e+01
2.360480555555555497e+02
6.098888888888889248e+00
3.630694444444444713e+01
7.287119444444443843e+02
1.668326944444444507e+03
2.145972222222222214e+01
3.335724999999999909e+02
2.936388888888888715e+01
2.972280555555555566e+02
4.603138888888888687e+02
2.257583333333333186e+01
7.603249999999999886e+01
4.592155555555555679e+02
3.597138888888888886e+01
3.492419444444444707e+02
1.068376111111111186e+03
3.081305555555555387e+01
6.819611111111110802e+01
1.226144444444444446e+02
4.525430555555555543e+02
8.455491666666666788e+02
5.475555555555555287e+00
9.557194444444444059e+01
3.599569444444444457e+02
2.087472222222222129e+01
1.107916666666666714e+02
2.546158333333333417e+02
3.988824999999999932e+02
5.914680555555555657e+02
4.910388888888888914e+01
2.913174999999999955e+02
4.352555555555555600e+01
3.796197222222222081e+02
5.472808333333333621e+02
1.247044166666666570e+03
4.890388888888888630e+01
2.891236111111111313e+02
6.043383333333333667e+02
1.774964166666666642e+03
4.535321944444444853e+03
2.979388888888889042e+01
2.654177777777777578e+02
7.749438888888888641e+02
3.993666666666666742e+01
1.397461111111111052e+02
1.461583333333333279e+01
3.073047222222222103e+02
4.611138888888888943e+01
2.381074999999999875e+02
8.055555555555555358e+00
5.488722222222222058e+01
3.120288888888889005e+02
6.239497222222222490e+02
9.606541666666666970e+02
1.771111111111110858e+01
1.188919444444444480e+02
5.280230555555555156e+02
1.242194444444444557e+01
4.989333333333333087e+01
1.230955555555555492e+02
2.471608333333333292e+02
9.653333333333332433e+00
2.979577777777777783e+02
2.679444444444444429e+01
1.462388888888888800e+02
1.411944444444444358e+01
1.170416666666666714e+02
1.657169444444444366e+02
6.214025000000000318e+02
2.742166666666666686e+01
1.290102777777777874e+02
3.199297222222222103e+02
3.475750000000000028e+01
1.131002777777777766e+02
2.608666666666666600e+01
1.450480555555555497e+02
4.814161111111110927e+02
1.192472222222222200e+01
7.877222222222222570e+01
1.735741666666666561e+02
3.473111111111111171e+01
1.972366666666666788e+02
