3.150811093954071218e+00
3.195566255432576774e+00
2.422499189659383045e+00
0.000000000000000000e+00
3.822076415822673656e+00
3.756725001009003417e+00
3.713791554810152995e+00
3.440321936346205423e+00
1.582683175125280783e+00
3.199072197465178125e-01
2.912350664614939966e+00
3.350605595546095383e+00
3.457955715480764081e+00
3.792653712330390725e+00
4.258332412327550109e+00
2.315896107053717845e+00
3.089359219332615147e+00
4.013658592144103032e+00
4.142134226057948787e+00
3.920387921759773686e+00
4.775166093091408825e+00
3.875836085666372277e+00
3.379088096074054359e+00
3.448017352306046224e+00
4.429005635867875768e+00
4.606479328686719832e+00
5.130714949760102783e+00
4.838240305496901428e+00
