4.075807134223642159e+00
4.415787759823553316e+00
4.689446994116755363e+00
4.848571163122736394e+00
2.993529849998791015e+00
2.355177543113216032e+00
1.825194245314292418e+00
3.045236468457079848e+00
3.474664672432907331e+00
3.779793621964566253e+00
4.058147273910212682e+00
3.961403471525583697e+00
3.802074201880278892e+00
3.523090477954342159e+00
3.968157561971715985e+00
3.581127191619706274e+00
3.143764272373072099e+00
3.902760238148961225e+00
1.535145307852245233e+00
1.291622526654622946e-02
2.901696281627396790e+00
4.579872890613929215e+00
4.030907656305830145e+00
3.138749780388915944e+00
3.816304742369175163e+00
3.579427245552853520e+00
2.996831668997292031e+00
2.980314020825610477e+00
3.032546246676707469e+00
3.737074202963604375e+00
3.212696773791485327e+00
2.964705894948868270e+00
3.328196488777665163e+00
3.838268816839484288e+00
4.426079404614262636e+00
9.070481505072226502e-01
3.601304281857983458e+00
3.815335878066495656e+00
1.979621206397625066e+00
3.646431135879092400e-01
3.586735980445232563e+00
1.790425246214918387e+00
3.325503537292954892e+00
3.007907849484124707e+00
2.460443177609625831e+00
3.454327321716329724e+00
3.546336147328394084e+00
3.396586769104472214e+00
1.957415140669636955e+00
3.017836172460917066e+00
1.317747818584780628e+00
3.394004911080650722e+00
3.191175694225921955e+00
3.105707126762562886e+00
3.944528916984405331e+00
3.728052089188408136e+00
2.317473705487796298e+00
2.957563007436487812e+00
4.904188139883280395e-01
1.614226429165897647e+00
1.372702407600423724e+00
1.731126177086448337e-01
2.835152638878440268e+00
3.244309626125010837e+00
3.296059063538850697e+00
2.990166815081109597e+00
2.889482473711280530e+00
3.826443330336795512e+00
3.728917141145466907e+00
3.710592021019586184e+00
3.640634141485941999e+00
3.711643378712488062e+00
3.528916079930648930e+00
3.139486237198687135e+00
3.078233495065734626e+00
3.094762797016945122e+00
4.005950411459505034e+00
4.259830751713104213e+00
4.502827334819586191e+00
4.753641913906648142e+00
2.642124050986043304e+00
3.134189016701006913e+00
1.802534542396013517e+00
2.530517161040052532e+00
3.168382210651214503e+00
3.949376591969494754e+00
4.052549872565054834e+00
4.041576496683444653e+00
1.501426584297194111e-01
3.722529739020508655e-01
0.000000000000000000e+00
3.823497755838697554e+00
3.434406471419190421e+00
3.086486636822455054e+00
2.527247490277525266e+00
3.542291769271092683e+00
2.144526788335770373e+00
4.206020096112689899e+00
4.269949166268436791e+00
3.967606674780180809e-01
2.974202155003627723e+00
2.862772146297760667e+00
2.660049725047027191e+00
3.762083446372352480e+00
3.564166209940295094e+00
2.501599872729660667e+00
2.572917527110713642e+00
2.532187739368993995e+00
2.757665421644405424e+00
2.087037618301463837e+00
4.395444217610270377e-01
1.217283818385608285e+00
2.018230810634939587e+00
2.375277778387486105e+00
1.027474260834770003e+00
5.164323315183838581e-02
2.692665799058462817e+00
1.918392120161420911e+00
3.702683735090333439e+00
3.883211923574026336e+00
3.870950979652681756e+00
4.083586905569140058e+00
3.990334985487081987e+00
2.976498484438691694e+00
2.798987196094312235e+00
7.673265787341967403e-01
1.956708776297538810e+00
1.249901736214335868e+00
1.021011042644557998e+00
1.620180008966002561e+00
1.723302168583147331e+00
0.000000000000000000e+00
2.931193752416419773e+00
4.233758618004778818e+00
3.126628948355757665e+00
4.347978520534309332e+00
2.855205038417014229e+00
1.755614022591701628e+00
2.813250703958670940e+00
2.953033519020875630e+00
2.271403975510470907e+00
0.000000000000000000e+00
1.959249356351430160e+00
2.389771454672961593e+00
2.540577847158461022e+00
2.078268472023165336e-01
0.000000000000000000e+00
2.265402301866329626e+00
8.398415597107486974e-01
3.021253810784068516e+00
3.463639957840863204e+00
