2.646750000000000114e+01
9.794305555555555998e+01
4.787444444444444969e+01
1.216316666666666606e+02
1.721880555555555645e+02
2.856477777777777760e+02
2.646416666666666728e+01
1.943133333333333326e+02
5.134577777777777783e+02
7.634663888888889005e+02
2.339333333333333442e+01
2.392030555555555509e+02
1.333416666666666650e+01
1.273522222222222240e+02
6.098888888888889248e+00
3.630694444444444713e+01
7.287119444444443843e+02
1.668326944444444507e+03
2.257583333333333186e+01
7.603249999999999886e+01
4.592155555555555679e+02
3.597138888888888886e+01
3.492419444444444707e+02
1.068376111111111186e+03
3.081305555555555387e+01
6.819611111111110802e+01
1.226144444444444446e+02
4.525430555555555543e+02
8.455491666666666788e+02
5.475555555555555287e+00
9.557194444444444059e+01
3.599569444444444457e+02
4.910388888888888914e+01
2.913174999999999955e+02
4.890388888888888630e+01
2.891236111111111313e+02
6.043383333333333667e+02
1.774964166666666642e+03
4.535321944444444853e+03
2.979388888888889042e+01
2.654177777777777578e+02
7.749438888888888641e+02
3.993666666666666742e+01
1.397461111111111052e+02
2.166000000000000014e+01
6.078444444444444628e+01
1.771111111111110858e+01
1.188919444444444480e+02
5.280230555555555156e+02
2.679444444444444429e+01
1.462388888888888800e+02
2.784722222222222143e+01
2.186905555555555623e+02
3.215763888888889142e+02
1.155191388888888923e+03
3.475750000000000028e+01
1.131002777777777766e+02
2.608666666666666600e+01
1.450480555555555497e+02
4.814161111111110927e+02
