1.492333333333333378e+01
6.922194444444444628e+01
4.480163888888889119e+02
1.119191944444444516e+03
9.522500000000000853e+00
3.959583333333333144e+01
1.697416666666666885e+01
8.384527777777778113e+01
2.275011111111111006e+02
1.154277777777777736e+01
2.906444444444444386e+01
7.161249999999999716e+01
1.728547222222222217e+02
4.812769444444444389e+02
1.271810277777777856e+03
1.832083333333333286e+01
4.263611111111111285e+01
2.969011111111111063e+02
8.058808333333333849e+02
1.784376111111111186e+03
3.303166666666666629e+01
1.299491666666666561e+02
2.979586111111111109e+02
4.652502777777777965e+02
1.558111111111111136e+01
1.556941666666666606e+02
5.398319444444443889e+02
1.047591944444444380e+03
5.939444444444444748e+00
1.197699999999999960e+02
5.718999999999999773e+02
2.593888888888888999e+01
3.145380555555555588e+02
7.705277777777778283e+02
3.118527777777777743e+01
5.521305555555555600e+01
2.008213888888888903e+02
5.360380555555555020e+02
3.729309166666666442e+03
1.476219444444444377e+02
4.849330555555555406e+02
9.029166666666666785e+00
2.553861111111111271e+01
5.248527777777777459e+01
9.876500000000000057e+01
1.460188888888888812e+02
2.427808333333333337e+02
2.899736111111110972e+02
4.576175000000000068e+02
1.599361111111111100e+01
6.387833333333333030e+01
2.067483333333333348e+02
3.825286111111111040e+02
1.344250000000000078e+01
3.773777777777777942e+01
8.541249999999999432e+01
1.812836111111110995e+02
3.577777777777777946e+00
2.548055555555555429e+01
4.934111111111111114e+01
2.711716666666666811e+02
4.275666666666666771e+01
1.876569444444444343e+02
5.704969444444444662e+02
9.033683333333333394e+02
