8.268333333333334423e+00
1.321083333333333201e+02
2.597375000000000114e+02
4.255383333333333553e+02
1.697416666666666885e+01
8.384527777777778113e+01
2.275011111111111006e+02
4.408027777777778056e+01
1.171247222222222177e+02
1.926947222222222251e+02
2.834372222222222035e+02
3.090299999999999727e+02
4.095091666666666583e+02
1.024555555555555486e+01
9.824583333333333712e+01
1.735252777777777737e+02
4.005611111111111455e+01
6.616055555555556111e+01
1.154277777777777736e+01
2.906444444444444386e+01
7.161249999999999716e+01
1.728547222222222217e+02
4.812769444444444389e+02
1.271810277777777856e+03
1.487027777777777793e+01
1.818058333333333394e+02
4.757072222222222422e+02
1.832083333333333286e+01
4.263611111111111285e+01
2.969011111111111063e+02
8.058808333333333849e+02
1.784376111111111186e+03
2.927972222222222243e+01
9.498333333333333428e+01
3.167647222222222467e+02
4.168333333333333002e+00
1.196861111111111065e+01
3.430638888888888971e+01
1.718727777777777703e+02
1.580916666666666615e+01
1.355808333333333451e+02
3.034952777777778010e+02
5.204319444444444116e+02
2.917611111111111200e+01
4.249694444444444485e+01
1.362672222222222160e+02
2.850119444444444525e+02
4.731277777777777942e+02
9.750966666666666924e+02
1.168361111111111050e+01
6.010305555555555657e+01
2.040927777777777692e+02
3.476175000000000068e+02
6.600744444444444525e+02
5.939444444444444748e+00
1.197699999999999960e+02
5.718999999999999773e+02
1.518416666666666615e+01
2.781280555555555338e+02
3.976236111111111313e+02
1.476219444444444377e+02
4.849330555555555406e+02
2.082361111111111285e+01
9.709722222222222854e+01
9.560216666666666470e+02
2.658666666666666600e+01
1.254205555555555520e+02
2.669444444444444571e+02
1.622500000000000142e+01
1.885644444444444332e+02
4.007699999999999818e+02
2.372611111111111271e+01
4.902222222222222570e+01
9.629000000000000625e+01
1.188961111111111109e+02
1.274338888888888874e+02
2.401108333333333462e+02
2.944077777777777669e+02
4.090105555555555839e+02
6.541666666666666963e+00
2.598999999999999844e+01
7.186972222222222229e+01
1.918686111111111074e+02
3.836105555555555497e+02
1.829388888888888687e+01
1.807511111111111006e+02
3.002361111111111214e+01
1.485513888888888800e+02
4.367844444444444321e+02
5.282672222222222445e+02
1.826718333333333248e+03
2.641997222222222263e+03
4.801220555555555620e+03
1.135166666666666657e+01
3.530111111111111200e+01
1.071522222222222211e+02
1.791594444444444321e+02
6.785619444444444071e+02
1.366611111111111043e+01
8.640305555555555372e+01
2.086024999999999920e+02
9.275708333333333258e+02
1.599361111111111100e+01
6.387833333333333030e+01
2.067483333333333348e+02
3.825286111111111040e+02
3.123972222222222328e+01
2.003211111111111222e+02
2.057333333333333414e+01
2.763805555555555316e+02
3.634805555555555401e+01
1.269852777777777817e+02
2.196388888888888946e+00
1.561333333333333329e+01
1.157952777777777840e+02
2.073308333333333451e+02
3.312472222222222058e+02
1.841138888888888658e+01
1.793880555555555532e+02
3.482975000000000136e+02
1.654861111111111072e+01
2.804483333333333235e+02
4.482697222222222422e+02
2.752644166666666479e+03
2.141388888888888786e+01
2.838741666666666674e+02
5.421086111111111450e+02
1.317388888888888943e+01
1.582252777777777908e+02
2.300949999999999989e+02
2.891083333333333272e+01
1.008516666666666737e+02
2.637955555555555520e+02
4.327017777777778065e+03
1.767277777777777814e+01
4.252944444444444372e+01
