3.185608554752054733e+00
2.631744944892135507e+00
4.568340212737373562e+00
4.415763589470906858e+00
3.948528497240455515e+00
3.247657626293652733e+00
2.327180139849426066e+00
2.786922993922933411e+00
2.088401283051307900e+00
1.013054400306463210e+00
3.017200180169231860e+00
3.468606777891409365e+00
3.618108216556715107e+00
4.560612054123881265e+00
3.672597621539653634e+00
3.837019247562793556e+00
4.175678743277072336e+00
4.233050262364954630e-01
2.094502241822073230e-01
0.000000000000000000e+00
0.000000000000000000e+00
2.272847274730089406e+00
2.284421122366374401e+00
2.115773470927226008e+00
7.533011033796924716e-01
0.000000000000000000e+00
3.039174831396827869e+00
3.810477425861423573e+00
4.065344770371795313e+00
4.143372793289454847e+00
3.802587531728289783e+00
2.000804096162763113e+00
2.041999246203965779e+00
3.159974716948039664e+00
3.062689741678871869e+00
1.253619744215349829e+00
0.000000000000000000e+00
3.539479969462161701e+00
4.386902229620630145e+00
4.365732096830088338e+00
3.119409018247588872e+00
3.149654355826247532e+00
2.619947319547237363e+00
2.734757043930774234e+00
1.692307390256394983e+00
2.604465884845639678e+00
3.046472915257175007e+00
3.362802993674843588e+00
2.648866207748762136e+00
2.001480000210124288e+00
0.000000000000000000e+00
3.834407350078878451e+00
4.393967557241529320e+00
4.273090288904739076e+00
0.000000000000000000e+00
0.000000000000000000e+00
3.158531163859081836e+00
3.972195760462279512e+00
2.428336298299606177e+00
3.660917126827814894e+00
3.875255281235931548e+00
2.246226359324661193e+00
2.339302675929208597e+00
1.441255919193864976e+00
9.114791748769329738e-01
1.612433421413898893e+00
7.742662318447373071e-01
1.006496999760303934e+00
3.149866705937101607e-02
0.000000000000000000e+00
3.675642227331915812e+00
3.872949481442007791e+00
3.936325297951110969e+00
3.705638237928891243e+00
3.560364031878509028e+00
3.274196996456162356e+00
2.549054469611752083e+00
2.431330048884607908e+00
2.782353392294693251e+00
2.047950874588464920e+00
2.095437914764435305e+00
3.484864283234725857e+00
3.359923896346379113e+00
3.834515414961138902e+00
3.674146454511871607e+00
2.491054380374234434e+00
2.774649098206700248e+00
2.216482393940633955e+00
2.642693567624203155e+00
3.412466973920386337e+00
2.524287606511851134e+00
2.544825139999243646e+00
2.482821143296979116e+00
5.370779949100563666e-01
3.669492740313746282e+00
3.977586001611904898e+00
1.950613357325881259e+00
1.432939368942934388e+00
