4.075807134223642159e+00
4.415787759823553316e+00
4.689446994116755363e+00
4.848571163122736394e+00
2.993529849998791015e+00
2.355177543113216032e+00
1.825194245314292418e+00
3.045236468457079848e+00
3.474664672432907331e+00
3.779793621964566253e+00
4.058147273910212682e+00
3.961403471525583697e+00
3.802074201880278892e+00
3.523090477954342159e+00
3.968157561971715985e+00
3.581127191619706274e+00
3.143764272373072099e+00
3.902760238148961225e+00
2.874863231073002456e+00
2.695842657994464986e+00
3.081359359521428143e+00
3.139226373192720576e+00
4.038021093835812536e+00
7.414610408384960660e-01
3.138749780388915944e+00
3.816304742369175163e+00
3.579427245552853520e+00
2.867557934830482935e+00
2.978026446435058983e+00
3.358463839075254143e+00
9.357011253939783169e-01
0.000000000000000000e+00
2.996831668997292031e+00
2.980314020825610477e+00
3.032546246676707469e+00
3.601304281857983458e+00
3.815335878066495656e+00
1.979621206397625066e+00
3.646431135879092400e-01
2.460443177609625831e+00
3.454327321716329724e+00
3.546336147328394084e+00
3.396586769104472214e+00
3.367709537501165862e+00
3.844664511903327142e+00
4.159554732752711814e+00
4.856201240789191687e+00
4.760129110526148288e+00
2.230766805203573622e+00
2.846768120414032932e+00
3.570715095763294489e+00
3.709319133351392406e+00
4.589731622298899971e+00
3.951878132682853373e+00
1.957415140669636955e+00
3.017836172460917066e+00
1.317747818584780628e+00
2.355272415273052200e+00
3.668166412516394637e+00
3.573047638588814578e+00
3.944528916984405331e+00
3.728052089188408136e+00
2.317473705487796298e+00
2.957563007436487812e+00
4.904188139883280395e-01
1.614226429165897647e+00
1.372702407600423724e+00
1.731126177086448337e-01
2.835152638878440268e+00
3.244309626125010837e+00
3.296059063538850697e+00
3.826443330336795512e+00
3.728917141145466907e+00
3.710592021019586184e+00
3.640634141485941999e+00
3.711643378712488062e+00
3.528916079930648930e+00
3.139486237198687135e+00
3.078233495065734626e+00
3.094762797016945122e+00
4.005950411459505034e+00
4.259830751713104213e+00
4.502827334819586191e+00
4.753641913906648142e+00
2.642124050986043304e+00
3.134189016701006913e+00
3.168382210651214503e+00
3.949376591969494754e+00
4.052549872565054834e+00
4.041576496683444653e+00
1.501426584297194111e-01
3.722529739020508655e-01
0.000000000000000000e+00
3.732537423453399228e+00
4.025601659490356532e+00
4.362117251679515029e+00
4.561343682447537518e+00
4.230913005004119931e+00
2.660049725047027191e+00
3.762083446372352480e+00
3.564166209940295094e+00
2.501599872729660667e+00
2.572917527110713642e+00
2.532187739368993995e+00
2.757665421644405424e+00
2.087037618301463837e+00
4.395444217610270377e-01
1.217283818385608285e+00
2.692665799058462817e+00
1.918392120161420911e+00
3.702683735090333439e+00
3.883211923574026336e+00
3.870950979652681756e+00
4.083586905569140058e+00
3.990334985487081987e+00
2.976498484438691694e+00
2.798987196094312235e+00
7.673265787341967403e-01
1.956708776297538810e+00
1.249901736214335868e+00
1.021011042644557998e+00
1.620180008966002561e+00
1.723302168583147331e+00
0.000000000000000000e+00
2.931193752416419773e+00
4.233758618004778818e+00
3.126628948355757665e+00
4.347978520534309332e+00
2.855205038417014229e+00
1.755614022591701628e+00
2.813250703958670940e+00
2.953033519020875630e+00
2.271403975510470907e+00
0.000000000000000000e+00
3.021253810784068516e+00
3.463639957840863204e+00
