8.268333333333334423e+00
1.321083333333333201e+02
2.597375000000000114e+02
4.255383333333333553e+02
1.492333333333333378e+01
6.922194444444444628e+01
4.480163888888889119e+02
1.119191944444444516e+03
9.522500000000000853e+00
3.959583333333333144e+01
1.697416666666666885e+01
8.384527777777778113e+01
2.275011111111111006e+02
2.646750000000000114e+01
9.794305555555555998e+01
4.787444444444444969e+01
1.216316666666666606e+02
1.721880555555555645e+02
2.856477777777777760e+02
4.408027777777778056e+01
1.171247222222222177e+02
1.926947222222222251e+02
2.834372222222222035e+02
3.090299999999999727e+02
4.095091666666666583e+02
1.024555555555555486e+01
9.824583333333333712e+01
1.735252777777777737e+02
4.005611111111111455e+01
6.616055555555556111e+01
1.500000000000000000e+01
3.933250000000000313e+01
2.113977777777777760e+02
9.515494444444444753e+02
1.714027777777777928e+01
3.325755555555555816e+02
1.154277777777777736e+01
2.906444444444444386e+01
7.161249999999999716e+01
1.728547222222222217e+02
4.812769444444444389e+02
1.271810277777777856e+03
2.646416666666666728e+01
1.943133333333333326e+02
5.134577777777777783e+02
7.634663888888889005e+02
2.339333333333333442e+01
2.392030555555555509e+02
1.683730555555555668e+02
3.354619444444444412e+02
6.405905555555555111e+02
1.333416666666666650e+01
1.273522222222222240e+02
1.487027777777777793e+01
1.818058333333333394e+02
4.757072222222222422e+02
1.557111111111111157e+01
3.842138888888889170e+01
2.360480555555555497e+02
1.832083333333333286e+01
4.263611111111111285e+01
2.969011111111111063e+02
8.058808333333333849e+02
1.784376111111111186e+03
6.098888888888889248e+00
3.630694444444444713e+01
7.287119444444443843e+02
1.668326944444444507e+03
2.927972222222222243e+01
9.498333333333333428e+01
3.167647222222222467e+02
2.145972222222222214e+01
3.335724999999999909e+02
2.816166666666666529e+01
2.210322222222222308e+02
3.637611111111111200e+02
5.069652777777777715e+02
6.562261111111110949e+02
1.397366111111111195e+03
2.936388888888888715e+01
2.972280555555555566e+02
4.603138888888888687e+02
2.418972222222222257e+01
6.746999999999999886e+01
2.257583333333333186e+01
7.603249999999999886e+01
4.592155555555555679e+02
3.042666666666666586e+01
1.776952777777777897e+02
2.500391666666666595e+02
1.736999999999999744e+01
1.429261111111111120e+02
4.070802777777777806e+02
1.345188055555555593e+03
3.597138888888888886e+01
3.492419444444444707e+02
1.068376111111111186e+03
3.303166666666666629e+01
1.299491666666666561e+02
2.979586111111111109e+02
4.652502777777777965e+02
4.168333333333333002e+00
1.196861111111111065e+01
3.430638888888888971e+01
1.718727777777777703e+02
3.081305555555555387e+01
6.819611111111110802e+01
1.226144444444444446e+02
4.525430555555555543e+02
8.455491666666666788e+02
5.475555555555555287e+00
9.557194444444444059e+01
3.599569444444444457e+02
2.087472222222222129e+01
1.107916666666666714e+02
2.546158333333333417e+02
3.988824999999999932e+02
5.914680555555555657e+02
3.950111111111110773e+01
8.778194444444444855e+01
2.296030555555555566e+02
3.758922222222222445e+02
1.558111111111111136e+01
1.556941666666666606e+02
5.398319444444443889e+02
1.047591944444444380e+03
1.580916666666666615e+01
1.355808333333333451e+02
3.034952777777778010e+02
5.204319444444444116e+02
2.917611111111111200e+01
4.249694444444444485e+01
1.362672222222222160e+02
2.850119444444444525e+02
4.731277777777777942e+02
9.750966666666666924e+02
1.168361111111111050e+01
6.010305555555555657e+01
2.040927777777777692e+02
3.476175000000000068e+02
6.600744444444444525e+02
5.939444444444444748e+00
1.197699999999999960e+02
5.718999999999999773e+02
2.593888888888888999e+01
3.145380555555555588e+02
7.705277777777778283e+02
3.348611111111111427e+01
5.808083333333333087e+01
1.786077777777777840e+02
3.118527777777777743e+01
5.521305555555555600e+01
2.008213888888888903e+02
5.360380555555555020e+02
3.729309166666666442e+03
1.518416666666666615e+01
2.781280555555555338e+02
3.976236111111111313e+02
1.476219444444444377e+02
4.849330555555555406e+02
2.082361111111111285e+01
9.709722222222222854e+01
9.560216666666666470e+02
1.286083333333333378e+01
6.396527777777777857e+01
2.317236111111110972e+02
2.658666666666666600e+01
1.254205555555555520e+02
2.669444444444444571e+02
4.910388888888888914e+01
2.913174999999999955e+02
4.352555555555555600e+01
3.796197222222222081e+02
5.472808333333333621e+02
1.247044166666666570e+03
4.890388888888888630e+01
2.891236111111111313e+02
6.043383333333333667e+02
1.774964166666666642e+03
4.535321944444444853e+03
2.979388888888889042e+01
2.654177777777777578e+02
7.749438888888888641e+02
1.622500000000000142e+01
1.885644444444444332e+02
4.007699999999999818e+02
3.993666666666666742e+01
1.397461111111111052e+02
9.029166666666666785e+00
2.553861111111111271e+01
5.248527777777777459e+01
9.876500000000000057e+01
1.460188888888888812e+02
2.427808333333333337e+02
2.899736111111110972e+02
4.576175000000000068e+02
1.461583333333333279e+01
3.073047222222222103e+02
2.166000000000000014e+01
6.078444444444444628e+01
4.611138888888888943e+01
2.381074999999999875e+02
2.372611111111111271e+01
4.902222222222222570e+01
9.629000000000000625e+01
1.188961111111111109e+02
1.274338888888888874e+02
2.401108333333333462e+02
2.944077777777777669e+02
4.090105555555555839e+02
6.541666666666666963e+00
2.598999999999999844e+01
7.186972222222222229e+01
1.918686111111111074e+02
3.836105555555555497e+02
1.829388888888888687e+01
1.807511111111111006e+02
2.776166666666666671e+01
5.686999999999999744e+01
1.482822222222222308e+02
2.715861111111111086e+02
4.340733333333333235e+02
9.683458333333333030e+02
9.780133333333333212e+02
8.055555555555555358e+00
5.488722222222222058e+01
3.120288888888889005e+02
6.239497222222222490e+02
9.606541666666666970e+02
1.771111111111110858e+01
1.188919444444444480e+02
5.280230555555555156e+02
1.242194444444444557e+01
4.989333333333333087e+01
1.230955555555555492e+02
2.471608333333333292e+02
2.831388888888888999e+01
1.275386111111111092e+02
3.002361111111111214e+01
1.485513888888888800e+02
4.367844444444444321e+02
5.282672222222222445e+02
1.826718333333333248e+03
2.641997222222222263e+03
4.801220555555555620e+03
4.527638888888888857e+01
1.961672222222222217e+02
3.395049999999999955e+02
5.249272222222222126e+02
9.653333333333332433e+00
2.979577777777777783e+02
1.625999999999999801e+01
4.493138888888888971e+01
2.081802777777777749e+02
2.569919444444444707e+02
9.285005555555555929e+02
1.965249999999999986e+01
1.862469444444444377e+02
2.679444444444444429e+01
1.462388888888888800e+02
1.135166666666666657e+01
3.530111111111111200e+01
1.071522222222222211e+02
1.791594444444444321e+02
6.785619444444444071e+02
1.366611111111111043e+01
8.640305555555555372e+01
2.086024999999999920e+02
9.275708333333333258e+02
1.599361111111111100e+01
6.387833333333333030e+01
2.067483333333333348e+02
3.825286111111111040e+02
1.411944444444444358e+01
1.170416666666666714e+02
1.657169444444444366e+02
6.214025000000000318e+02
3.123972222222222328e+01
2.003211111111111222e+02
2.784722222222222143e+01
2.186905555555555623e+02
3.215763888888889142e+02
1.155191388888888923e+03
2.057333333333333414e+01
2.763805555555555316e+02
2.742166666666666686e+01
1.290102777777777874e+02
3.199297222222222103e+02
2.389416666666666700e+01
1.905866666666666731e+02
3.634805555555555401e+01
1.269852777777777817e+02
1.344250000000000078e+01
3.773777777777777942e+01
8.541249999999999432e+01
1.812836111111110995e+02
2.196388888888888946e+00
1.561333333333333329e+01
1.157952777777777840e+02
2.073308333333333451e+02
3.312472222222222058e+02
1.841138888888888658e+01
1.793880555555555532e+02
3.482975000000000136e+02
1.654861111111111072e+01
2.804483333333333235e+02
4.482697222222222422e+02
2.752644166666666479e+03
3.475750000000000028e+01
1.131002777777777766e+02
2.141388888888888786e+01
2.838741666666666674e+02
5.421086111111111450e+02
1.317388888888888943e+01
1.582252777777777908e+02
2.300949999999999989e+02
2.608666666666666600e+01
1.450480555555555497e+02
4.814161111111110927e+02
1.192472222222222200e+01
7.877222222222222570e+01
1.735741666666666561e+02
3.577777777777777946e+00
2.548055555555555429e+01
4.934111111111111114e+01
2.711716666666666811e+02
2.891083333333333272e+01
1.008516666666666737e+02
2.637955555555555520e+02
4.327017777777778065e+03
7.431666666666666643e+00
9.414249999999999829e+01
3.107530555555555338e+02
5.561316666666666606e+02
1.376138888888888800e+01
8.798027777777777203e+01
2.551191666666666720e+02
4.235011111111111290e+02
5.956427777777777237e+02
3.192555555555555458e+01
1.714002777777777737e+02
4.275666666666666771e+01
1.876569444444444343e+02
5.704969444444444662e+02
9.033683333333333394e+02
1.767277777777777814e+01
4.252944444444444372e+01
3.473111111111111171e+01
1.972366666666666788e+02
